Cesta z vrcholu 5 do vrcholu 3 ma dlzku 560:  
5 (5,1381) 1381 (1381,636) 636 (636,253) 253 (253,707) 707 (707,1407) 1407 (1407,1285) 1285 (1285,830) 830 (830,3) 3

Cesta z vrcholu 50 do vrcholu 3 ma dlzku 530:  
50 (50,914) 914 (914,549) 549 (549,1058) 1058 (1058,1304) 1304 (1304,1444) 1444 (1444,21) 21 (21,830) 830 (830,3) 3

Cesta z vrcholu 500 do vrcholu 3 ma dlzku 600:  
500 (500,1342) 1342 (1342,1421) 1421 (1421,1090) 1090 (1090,800) 800 (800,1396) 1396 (1396,1363) 1363 (1363,1311) 1311 (1311,487) 487 (487,830) 830 (830,3) 3

Cesta z vrcholu 1500 do vrcholu 3 ma dlzku 570:  
1500 (1500,1467) 1467 (1467,1430) 1430 (1430,1434) 1434 (1434,1319) 1319 (1319,1375) 1375 (1375,1334) 1334 (1334,21) 21 (21,830) 830 (830,3) 3

Cesta z vrcholu 1510 do vrcholu 3 neexistuje!
